x1-4*x2-3*x3+8*x4=11,55
2*x1-6*x2-4*x3+2*x4=7,35
3*x1-8*x2+x3-4*x4=-3,35
4*x1+2*x2+2*x3-6*x4=-4,55

x2-6*x3-4*x4=6
3*x1-x2-6*x3-4*x4=2
2*x1+3*x2+9*x3+2*x4=6
3*x1+2*x3+8*x4=-7

-3*x1-3*x2+4*x3=1
-x2=2
6*x1+2*x2-4*x3=3

-3*x1-x2+2*x3=1
-x2=2
6*x1+2*x2-4*x3=3

20*x1-4*x2-3*x3+8*x4=2
-4*x1-26*x2-4*x3+2*x4=-12
-3*x1-4*x2+20*x3+2*x4=-4
8*x1+2*x2+2*x3-26*x4=6


//для Зейделя
1 2 3 6
2 7 -9 0
2 5 8 15
(1 1 1)


2 2 -1 1
4 3 -1 2
8 5 -3 4
3 3 -2 2

2 2 -1 1 4
4 3 -1 2 6
8 5 -3 4 12
3 3 -2 2 6
(1 1 -1 -1)

7 9 4 2 2
2 -2 1 1 6
5 6 3 2 3
2 3 1 1 0
(-0.4 -1.2 3.4 1)

3 4 1 2 -3
3 5 3 5 -6
6 8 1 5 -8
3 5 3 7 -8
(2 -2 1 -1)

2 -1 3 9
3 -5 1 -4
4 -7 1 5
(-)

//для квадратних коренів
5 4 3
4 5 6
(-1 2)

//для LU
1 1 2 1
1 0 2 1
-1 0 -1 1

-1 1 0 1
0 2 1 5
-1 5 3 12


//для ітераційних методів з індивідуальних
15 -4 -3 8 2
-4 10 -4 2 -12
-3 -4 10 2 -4
8 2 2 12 6

3 -3 4 1
-3 -1 0 2
4 0 -4 3

або
3*x1-3*x2+4*x3=1
-3*x1-x2=2
4*x1-4*x3=3

3 1 4
1 3 4

//proper values
5 2 0 -1
2 7 -3 1
0 -3 9 4
-1 1 4 8
